97 64 283
-0.35973206 0.42782402 -0.10481137 -0.2391265 0.54654026 -0.20774271
-0.24988303 0.60711193 -0.2414504 -0.24678902 0.60582924 -0.19326112 -0.28538853 0.59688759 -0.27178779
-0.24894699 0.62039661 -0.16279626 -0.31826645 0.58639336 -0.27106306 -0.28148067 0.61674023 -0.1251242
-0.35001755 0.58414173 -0.25004044 -0.25100091 0.71339321 -0.29242164 -0.3195706 0.60002899 -0.11409229
-0.2477987 0.69490719 -0.24152783 -0.23051633 0.47664356 -0.18878335 -0.21016474 0.46944904 -0.11030173
-0.28433233 0.45503521 -0.21744248 -0.23413628 0.47196293 -0.064383641 -0.32499686 0.42501354 -0.1913102
-0.25688082 0.45314217 -0.048935398 -0.35632923 0.42982864 -0.14237878 -0.29422867 0.45049953 -0.038455606
-0.36875969 0.56789303 -0.1831411 -0.33530244 0.4428072 -0.060789585 -0.26359609 0.39055634 -0.082555398
-0.22938526 0.41083145 -0.052355364 -0.24473684 0.40268993 -0.1269895 -0.25945899 0.39270687 -0.062294737
-0.25963339 0.41202068 -0.13951759 -0.23063403 0.43114948 -0.051153213 -0.24549548 0.41543865 -0.16183771
-0.23888072 0.43281555 -0.05319573 -0.24496558 0.42475986 -0.17127469 -0.23426217 0.4155817 -0.048172176
-0.20449074 0.43315506 -0.11177182 -0.22013003 0.43388367 -0.047606945 -0.24298568 0.42233753 -0.18745869
-0.22629002 0.43327713 -0.047009602 -0.30463049 0.37692928 -0.16812238 -0.26830816 0.42617989 -0.02302216
-0.34012118 0.37532997 -0.12848724 -0.29475152 0.42815876 -0.026711836 -0.34929198 0.384552 -0.097415924
-0.33512238 0.39511013 -0.051877066 -0.334429 0.39601231 -0.10244073 -0.21641308 0.39788532 -0.047888339
-0.30521443 0.34753609 -0.034936056 -0.20315646 0.3925066 -0.091232523 -0.33292082 0.38683414 -0.1225263
-0.32254174 0.41659451 -0.055677667 -0.33336404 0.40123081 -0.092656374 -0.27276951 0.36051369 -0.0054554641
-0.30144772 0.34137821 -0.085725591 -0.2796486 0.34215355 -0.12446722 -0.24346986 0.39044571 -0.019492537
-0.24558905 0.42237663 -0.15946239 -0.25542533 0.37131786 -0.11761816 -0.25687638 0.3378973 -0.076273754
-0.26804724 0.34039974 -0.076666489 -0.30318657 0.34431458 -0.075807273 -0.32258663 0.36676979 -0.084388673
-0.30429703 0.34589195 -0.067075759 -0.25938296 0.34202003 -0.059803963 -0.2498917 0.34086323 -0.054905027
-0.2468684 0.34679508 -0.054164171 -0.22869754 0.39631271 -0.041534334 -0.22727299 0.41828918 -0.046227083
-0.22350162 0.39586353 -0.045440868 -0.23824355 0.35755634 -0.060882136 -0.234065 0.46130753 -0.17534243
-0.24631676 0.37747574 -0.11373056 -0.24507137 0.43206978 -0.1625502 -0.25590059 0.4002037 -0.13083124
-0.25985673 0.37085342 -0.073604003 -0.26693222 0.37458134 -0.078015581 -0.30846047 0.37201023 -0.086503074
-0.32749724 0.39547157 -0.095494464 -0.309901 0.37333107 -0.078264236 -0.26247925 0.37066555 -0.066640571
-0.25735921 0.36456966 -0.063113481 -0.25522122 0.37004852 -0.061227694 -0.23853596 0.41568375 -0.049033016
-0.23491129 0.43338108 -0.056695744 -0.23471662 0.41338444 -0.053319976 -0.25238737 0.37539005 -0.064068675
-0.24385828 0.34727287 -0.06437844 -0.24694453 0.40804863 -0.12193054 -0.25525165 0.36818886 -0.067163959
-0.24524531 0.43059349 -0.16855156 -0.25413874 0.41683006 -0.14061502 -0.26149309 0.3937645 -0.077693969
-0.27363026 0.38647556 -0.081917852 -0.31012753 0.38925362 -0.092459798 -0.33567613 0.40209007 -0.099739358
-0.31296578 0.38998222 -0.081537724 -0.26924831 0.39723778 -0.071823135 -0.26047206 0.3874855 -0.065420419
-0.25914398 0.39194489 -0.064510092 -0.24108434 0.42982388 -0.056595877 -0.23639095 0.43386173 -0.059523717
-0.23427182 0.43234253 -0.058589026 -0.2566354 0.3839407 -0.070823401 -0.24455403 0.42477703 -0.13092351
-0.33542335 0.39485073 -0.094560683 -0.24418676 0.45374489 -0.056560725 -0.25869006 0.41689682 -0.17156313
-0.23329514 0.45562649 -0.063953146 -0.21257307 0.45311832 -0.12435667 -0.27152991 0.44747257 -0.038571775
-0.27353811 0.39837933 -0.16822383 -0.22873875 0.45094395 -0.065816492 -0.29366148 0.43429756 -0.04266274
-0.21524507 0.45211601 -0.078974038 -0.20867145 0.45414829 -0.097663745 -0.30721962 0.38218212 -0.15576425
-0.3287954 0.39093113 -0.093921483 -0.32121098 0.37008286 -0.071548983 -0.31839985 0.35965824 -0.091087997
-0.29921126 0.35134315 -0.039646536 -0.27227443 0.39545441 -0.065565169 -0.36398363 0.58451653 -0.13196722
-0.28047541 0.38016224 -0.085493788 -0.31597203 0.52110863 -0.25091493 -0.35886541 0.51286507 -0.1664218
-0.24624521 0.34989834 -0.066759244 -0.35156929 0.51148605 -0.10018334 -0.22857414 0.36269093 -0.055016726
-0.30832088 0.5354538 -0.09747228 -0.26119214 0.38766861 -0.063077837 -0.27613831 0.53766823 -0.093507499
-0.31148747 0.38670635 -0.09607847 -0.30963397 0.38557625 -0.082281679 -0.23050919 0.56023884 -0.1373717
-0.2293281 0.55669022 -0.15939251 -0.25906801 0.38378429 -0.074548632 -0.29758024 0.35498142 -0.10701098
-0.26882127 0.37952328 -0.010233894 -0.27545899 0.36090088 -0.11761184 -0.25717473 0.37838745 -0.010647267
-0.2467953 0.40237141 -0.15743025 -0.22455589 0.42460346 -0.039100438 -0.2454749 0.42927074 -0.17690966
-0.22943002 0.4376812 -0.051090717 -0.23357661 0.40856934 -0.14775035 -0.22113562 0.41190147 -0.04849115
-0.20010416 0.41171646 -0.069072142 -0.21137273 0.39966679 -0.083203718 -0.33023164 0.38007641 -0.092757121
-0.30495164 0.37454891 -0.076636285 -0.29838675 0.35049248 -0.078863665 -0.29004017 0.34791756 -0.066075325
-0.2692005 0.34266186 -0.076539949 -0.25748378 0.38418961 -0.076678127 -0.2547214 0.38521862 -0.071988136
-0.25210842 0.33235168 -0.058928132 -0.23382199 0.43251801 -0.058938682 -0.2542603 0.34569359 -0.081032619
-0.24369043 0.35216904 -0.054842398 -0.23839027 0.42856693 -0.13375482 -0.23287681 0.43870926 -0.056056976
-0.25344181 0.3965168 -0.13384265 -0.34915385 0.51344395 -0.23504294 -0.27903038 0.5263958 -0.25108162
-0.35351112 1.20466328 -0.52364755 -0.3478393 1.20514584 -0.62010098 -0.40751198 1.18107319 -0.61350203
-0.41755554 1.17662334 -0.53668785 -0.29223365 1.091040611 -0.47035122
-0.29593512 1.12047386 -0.57373512 -0.33164465 1.081487656 -0.56632721
-0.34446859 1.06870842 -0.48680431 -0.26641285 1.045628548 -0.42943418 -0.25756186 1.075492859 -0.5281595
-0.29913899 1.038136482 -0.52234346 -0.31564924 1.02319622 -0.44428843 -0.22647452 1.25298119 -0.49995154
-0.22693858 1.26098156 -0.5484271 -0.19979757 1.254179 -0.49984798 -0.19540089 1.26198959 -0.55234772
-0.23075777 1.15911007 -0.51157069 -0.23041311 1.18250179 -0.57158709 -0.19475149 1.15486526 -0.51163757
-0.1891759 1.18201828 -0.57643008 -0.229269 1.085589409 -0.49435198 -0.22372857 1.10223293 -0.55950278
-0.1786651 1.10609341 -0.55895078 -0.19036473 1.08596611 -0.49032211 -0.12043935 1.27559566 -0.62181979
-0.054509312 1.24440956 -0.64426291 -0.095526785 1.24660015 -0.55606127 -0.049735129 1.20674992 -0.5716846
-0.15245117 1.17499352 -0.64949715 -0.10410701 1.15479755 -0.66743839 -0.12951678 1.1629591 -0.5717473
-0.061752051 1.13251686 -0.5861268 -0.17868663 1.087697029 -0.65321624 -0.13568826 1.074167252 -0.67223567
-0.15998997 1.096536636 -0.57431531 -0.082092285 1.046700478 -0.58181 -0.13914083 1.041871071 -0.66496062
-0.18079914 1.078979492 -0.65410185 -0.16484961 1.066157341 -0.54866499 -0.22137854 1.073868752 -0.55052578
-0.22846586 1.039640427 -0.47730434 -0.18245037 1.039387703 -0.47184643 -0.25302136 1.036325455 -0.51773196
-0.26502198 1.019492149 -0.42512769 -0.3094112 0.98167801 -0.431449 -0.16803467 0.63115215 -0.8241294
-0.19172265 0.62506485 -0.78829414 -0.12806344 0.62460995 -0.80684078 -0.1887915 0.61967468 -0.74839306
-0.11242364 0.62816906 -0.7925669 -0.16369765 0.61745453 -0.71312976 -0.094057456 0.61640167 -0.73830378
-0.14160538 0.61554146 -0.68750751 -0.10098334 0.62375069 -0.71523374 -0.10872203 0.6174736 -0.68509448
-0.15152106 0.80882645 -0.80633861 -0.1858608 0.78892422 -0.76537329 -0.10129265 0.81687927 -0.79041207
-0.18334123 0.77890396 -0.72519708 -0.074819982 0.81400108 -0.76934391 -0.14937624 0.78156662 -0.67990476
-0.075581074 0.81011295 -0.71844935 -0.11923386 0.77570724 -0.64059448 -0.073602617 0.79806709 -0.67717493
-0.089640737 0.79048157 -0.63667661 -0.14805602 0.97714424 -0.73874187 -0.17599434 0.93959522 -0.70713103
-0.1027813 0.9647913 -0.74198127 -0.17160888 0.90190411 -0.66571987 -0.073367476 0.95278072 -0.6962055
-0.14466383 0.87054634 -0.6193285 -0.069293767 0.91148853 -0.61756885 -0.11735182 0.86329269 -0.57983398
-0.076484621 0.89417171 -0.59458518 -0.086674333 0.86361217 -0.56254947 -0.17518215 1.075897217 -0.62998879
-0.18360704 0.99674797 -0.63597596 -0.12677425 1.050453186 -0.58733571 -0.1922891 0.9471817 -0.6322186
-0.073064059 1.0010690689 -0.54612398 -0.16121957 0.91634369 -0.57655787 -0.097208709 0.98400402 -0.53456736
-0.1357214 0.89355278 -0.54472017 -0.10634431 0.94075871 -0.52842849 -0.11610432 0.89002419 -0.51113582
-0.21587487 1.062340736 -0.55751169 -0.20910922 1.021476746 -0.56444889 -0.16605748 1.064760208 -0.55021524
-0.20773621 0.96903706 -0.57020038 -0.1694694 1.030430794 -0.45407945 -0.19758156 0.91685677 -0.51726687
-0.1526735 0.96637249 -0.42251587 -0.1719868 0.88844109 -0.47398338 -0.15640783 0.93825245 -0.43040228
-0.15523539 0.88409615 -0.42858839 -0.28799823 1.0050859451 -0.50966787 -0.28252709 0.99319458 -0.51413393
-0.28202283 1.010328293 -0.40155649 -0.27055377 0.93300915 -0.50424635 -0.22722343 0.94431496 -0.33565816
-0.2513029 0.88607597 -0.49675906 -0.20528424 0.90918541 -0.32958877 -0.22560394 0.8634367 -0.45832539
-0.20227239 0.87764835 -0.34679005 -0.19945362 0.85383129 -0.38586047 -0.35985708 0.85085487 -0.28819874
-0.34725064 0.87164211 -0.37583914 -0.312738 0.83586121 -0.24235958 -0.31916529 0.85228634 -0.41258642
-0.27402076 0.81004906 -0.22531542 -0.29634225 0.814147 -0.40752476 -0.256338 0.79641056 -0.24804427
-0.26661468 0.79178905 -0.39302948 -0.23881128 0.79101849 -0.29886907 -0.23634663 0.78916073 -0.34965676
-0.36947721 0.68485165 -0.17963317 -0.36527023 0.67581654 -0.22749434 -0.32218879 0.69452095 -0.15648244
-0.34919539 0.67453957 -0.28207788 -0.2842716 0.70600224 -0.16040617 -0.32038617 0.68876648 -0.32730162
-0.24443471 0.68184853 -0.19211547 -0.28848657 0.70219994 -0.31549075 -0.32566658 0.36881733 -0.085891545
-0.24484652 0.42236328 -0.16744378 -0.22719736 0.41943932 -0.046285734
21 0 0 19 21 0 15 17 0 12 13 0 14 12 0 16 14 0 18 16 0
0 18 0 17 19 0 13 15 0 112 120 0 120 160 0 160 107 0 107 112 0 102 127 0 127 125 0
125 106 0 106 102 0 1 67 0 67 103 0 103 1 0 109 106 0 125 109 0 102 104 0 104 127 0
160 1 0 103 107 0 1 131 0 131 105 0 105 67 0 125 123 0 123 47 0 47 109 0 130 108 0
108 110 0 110 130 0 112 46 0 46 159 0 159 120 0 32 33 0 33 13 0 12 32 0 34 32 0 14 34 0
33 35 0 35 15 0 36 34 0 16 36 0 35 37 0 37 17 0 38 36 0 18 38 0 37 39 0 39 19 0 40 38 0
0 40 0 39 41 0 41 21 0 41 40 0 45 43 0 43 33 0 32 45 0 53 68 0 68 45 0 45 285 0 285 53 0
43 286 0 286 35 0 51 285 0 285 34 0 36 51 0 64 63 0 63 52 0 52 286 0 286 64 0 50 51 0
38 50 0 52 49 0 49 39 0 37 52 0 58 57 0 57 50 0 50 284 0 284 58 0 49 44 0 44 41 0
44 284 0 284 40 0 48 42 0 42 113 0 113 114 0 114 48 0 106 136 0 136 138 0 138 102 0
42 46 0 46 115 0 115 113 0 67 139 0 139 137 0 137 103 0 138 140 0 140 104 0 47 48 0
114 116 0 116 47 0 105 141 0 141 139 0 112 133 0 133 115 0 108 104 0 140 142 0 142 108 0
116 134 0 134 109 0 105 111 0 111 144 0 144 141 0 55 54 0 54 51 0 51 55 0 56 55 0
50 56 0 57 56 0 107 135 0 135 133 0 142 143 0 143 110 0 60 59 0 59 44 0 44 60 0 61 60 0
49 61 0 62 61 0 52 62 0 63 62 0 134 136 0 111 110 0 143 144 0 66 65 0 65 43 0 43 66 0
83 66 0 45 83 0 68 83 0 137 135 0 85 82 0 82 66 0 83 85 0 82 81 0 81 65 0 81 80 0
80 64 0 64 65 0 80 79 0 79 63 0 79 78 0 78 62 0 78 77 0 77 61 0 77 76 0 76 60 0 76 75 0
75 59 0 75 74 0 74 58 0
58 59 0 74 73 0 73 57 0 73 72 0 72 56 0 72 71 0 71 55 0
71 70 0 70 54 0 70 69 0 69 53 0 53 54 0 69 84 0 84 68 0 84 85 0 132 99 0 99 82 0
85 132 0 99 98 0 98 81 0 98 97 0 97 80 0 97 96 0 96 79 0 96 95 0 95 78 0 95 94 0
94 77 0 94 93 0 93 76 0 93 92 0 92 75 0 92 91 0 91 74 0 91 90 0 90 73 0 90 89 0 89 72 0
89 88 0 88 71 0 88 87 0 87 70 0 87 86 0 86 69 0 86 100 0 100 84 0 100 132 0 113 145 0
145 146 0 146 114 0 136 155 0 155 31 0 31 138 0 115 147 0 147 145 0 139 28 0 28 158 0
158 137 0 31 27 0 27 140 0 146 148 0 148 116 0 141 24 0 24 28 0 133 149 0 149 147 0
27 23 0 23 142 0 148 152 0 152 134 0 144 122 0 122 24 0 135 154 0 154 149 0 23 124 0
124 143 0 152 155 0 124 122 0 158 154 0 150 151 0 151 99 0 132 150 0 151 153 0 153 98 0
153 157 0 157 97 0 157 29 0 29 96 0 29 25 0 25 95 0 25 126 0 126 94 0 126 117 0 117 93 0
117 129 0 129 92 0 129 101 0 101 91 0 101 128 0 128 90 0 128 119 0 119 89 0 119 22 0
22 88 0 22 26 0 26 87 0 26 30 0 30 86 0 30 156 0 156 100 0 156 150 0 145 101 0 129 146 0
147 128 0 117 148 0 149 119 0 126 152 0 154 22 0 25 155 0 158 26 0 29 31 0 28 30 0
157 27 0 24 156 0 153 23 0 122 150 0 151 124 0 111 131 0 131 130 0 48 123 0 123 121 0
121 42 0 130 127 0 121 159 0 165 166 0 166 162 0 162 161 0 161 165 0 168 165 0 161 164 0
164 168 0 166 167 0 167 163 0 163 162 0 167 168 0 164 163 0 169 170 0 170 166 0 165 169 0
172 169 0 168 172 0 170 171 0 171 167 0 171 172 0 204 203 0 203 170 0 169 204 0 205 204 0
172 205 0 203 256 0 256 171 0 256 205 0 178 177 0 177 173 0 173 174 0 174 178 0
177 179 0 179 175 0 175 173 0 180 178 0 174 176 0 176 180 0
179 180 0 176 175 0 182 181 0 181 177 0 178 182 0 181 184 0 184 179 0 183 182 0 180 183 0
184 183 0 200 201 0 201 181 0 182 200 0 201 202 0 202 184 0 248 200 0 183 248 0 202 248 0
190 189 0 189 185 0 185 186 0 186 190 0 189 191 0 191 187 0 187 185 0 192 190 0 186 188 0
188 192 0 191 192 0 188 187 0 194 193 0 193 189 0 190 194 0 193 195 0 195 191 0 196 194 0
192 196 0 195 196 0 197 198 0 198 193 0 194 197 0 198 199 0 199 195 0 238 197 0 196 238 0
199 238 0 217 216 0 216 206 0 206 207 0 207 217 0 216 218 0 218 208 0 208 206 0 219 217 0
207 209 0 209 219 0 218 220 0 220 210 0 210 208 0 221 219 0 209 211 0 211 221 0 220 222 0
222 212 0 212 210 0 223 221 0 211 213 0 213 223 0 222 224 0 224 214 0 214 212 0 225 223 0
213 215 0 215 225 0 224 225 0 215 214 0 227 226 0 226 216 0 217 227 0 226 228 0 228 218 0
229 227 0 219 229 0 228 230 0 230 220 0 231 229 0 221 231 0 230 232 0 232 222 0 233 231 0
223 233 0 232 234 0 234 224 0 235 233 0 225 235 0 234 235 0 237 236 0 236 226 0 227 237 0
236 228 0 239 237 0 229 239 0 240 228 0 228 197 0 238 240 0 241 239 0 231 241 0 240 242 0
242 232 0 230 240 0 243 241 0 233 243 0 242 244 0 244 234 0 245 243 0 235 245 0 244 245 0
247 246 0 246 236 0 237 247 0 246 199 0 198 236 0 249 247 0 239 249 0 250 199 0 199 248 0
202 250 0 251 249 0 241 251 0 250 252 0 252 242 0 240 250 0 253 251 0 243 253 0 252 254 0
254 244 0 255 253 0 245 255 0 254 255 0 257 246 0 247 257 0 258 201 0 201 203 0 204 258 0
259 257 0 249 259 0 258 250 0 261 259 0 251 261 0 260 262 0 262 252 0 250 260 0 263 261 0
253 263 0 262 264 0 264 254 0 265 263 0 255 265 0 264 265 0 267 266 0
266 257 0 257 267 0 266 258 0 205 266 0 269 267 0 259 269 0
268 270 0 270 260 0 260 258 0 258 268 0 271 269 0 261 271 0 270 272 0 272 262 0 273 271 0
263 273 0 272 274 0 274 264 0 275 273 0 265 275 0 274 275 0 277 276 0 276 266 0 267 277 0
276 278 0 278 268 0 268 266 0 279 277 0 269 279 0 278 280 0 280 270 0 281 279 0 271 281 0
280 282 0 282 272 0 283 281 0 273 283 0 282 11 0 11 274 0 9 283 0 275 9 0 11 9 0
20 118 0 118 276 0 277 20 0 118 10 0 10 278 0 8 20 0 279 8 0 10 7 0 7 280 0 6 8 0
281 6 0 7 5 0 5 282 0 4 6 0 283 4 0 5 3 0 3 11 0 2 4 0 9 2 0 3 2 0 123 118 0 20 121 0
125 10 0 8 159 0 127 7 0 6 120 0 130 5 0 4 160 0 131 3 0 2 1 0 256 257 0 203 246 0
246 200 0
f 4 10 11 12 13
f 4 14 15 16 17
f 3 18 19 20
f 3 21 -17 22
f 3 23 24 -15
f 4 -13 25 -21 26
f 4 -19 27 28 29
f 4 -23 30 31 32
f 3 33 34 35
f 4 36 37 38 -11
f 4 39 40 -4 41
f 4 42 -42 -5 43
f 4 44 45 -10 -41
f 4 46 -44 -6 47
f 4 48 49 -3 -46
f 4 50 -48 -7 51
f 4 52 53 -9 -50
f 4 54 -52 -8 55
f 4 56 57 -2 -54
f 4 58 -56 -1 -58
f 4 59 60 -40 61
f 4 62 63 64 65
f 4 66 67 -45 -61
f 4 68 69 -47 70
f 4 71 72 73 74
f 4 75 -71 -51 76
f 4 77 78 -53 79
f 4 80 81 82 83
f 4 84 85 -57 -79
f 4 86 87 -59 -86
f 4 88 89 90 91
f 4 -18 92 93 94
f 4 95 96 97 -90
f 4 -20 98 99 100
f 4 -24 -95 101 102
f 4 103 -92 104 105
f 4 -30 106 107 -99
f 4 -37 108 109 -97
f 4 110 -103 111 112
f 4 -33 -106 113 114
f 4 115 116 117 -107
f 3 118 119 120
f 4 121 -121 -76 122
f 3 123 -123 -82
f 4 -14 124 125 -109
f 4 -35 -113 126 127
f 3 128 129 130
f 4 131 -131 -85 132
f 4 133 -133 -78 134
f 3 135 -135 -73
f 4 -22 -115 136 -93
f 4 137 -128 138 -117
f 3 139 140 141
f 4 142 -142 -60 143
f 3 144 -144 -64
f 4 -27 -101 145 -125
f 4 146 147 -143 148
f 4 149 150 -140 -148
f 4 151 152 153 -151
f 4 154 155 -72 -153
f 4 156 157 -136 -156
f 4 158 159 -134 -158
f 4 160 161 -132 -160
f 4 162 163 -129 -162
f 4 164 165 166 -164
f 4 167 168 -81 -166
f 4 169 170 -124 -169
f 4 171 172 -122 -171
f 4 173 174 -119 -173
f 4 175 176 177 -175
f 4 178 179 -63 -177
f 4 180 -149 -145 -180
f 4 181 182 -147 183
f 4 184 185 -150 -183
f 4 186 187 -152 -186
f 4 188 189 -155 -188
f 4 190 191 -157 -190
f 4 192 193 -159 -192
f 4 194 195 -161 -194
f 4 196 197 -163 -196
f 4 198 199 -165 -198
f 4 200 201 -168 -200
f 4 202 203 -170 -202
f 4 204 205 -172 -204
f 4 206 207 -174 -206
f 4 208 209 -176 -208
f 4 210 211 -179 -210
f 4 212 -184 -181 -212
f 4 -91 213 214 215
f 4 -94 216 217 218
f 4 -98 219 220 -214
f 4 -100 221 222 223
f 4 -102 -219 224 225
f 4 -105 -216 226 227
f 4 -108 228 229 -222
f 4 -110 230 231 -220
f 4 -112 -226 232 233
f 4 -114 -228 234 235
f 4 -118 236 237 -229
f 4 -126 238 239 -231
f 4 -127 -234 240 241
f 4 -137 -236 242 -217
f 4 -139 -242 243 -237
f 4 -146 -224 244 -239
f 4 245 246 -182 247
f 4 248 249 -185 -247
f 4 250 251 -187 -250
f 4 252 253 -189 -252
f 4 254 255 -191 -254
f 4 256 257 -193 -256
f 4 258 259 -195 -258
f 4 260 261 -197 -260
f 4 262 263 -199 -262
f 4 264 265 -201 -264
f 4 266 267 -203 -266
f 4 268 269 -205 -268
f 4 270 271 -207 -270
f 4 272 273 -209 -272
f 4 274 275 -211 -274
f 4 276 -248 -213 -276
f 4 -215 277 -263 278
f 4 -221 279 -265 -278
f 4 -227 -279 -261 280
f 4 -232 281 -267 -280
f 4 -235 -281 -259 282
f 4 -240 283 -269 -282
f 4 -243 -283 -257 284
f 4 -245 285 -271 -284
f 4 -218 -285 -255 286
f 4 -223 287 -273 -286
f 4 -225 -287 -253 288
f 4 -230 289 -275 -288
f 4 -233 -289 -251 290
f 4 -238 291 -277 -290
f 4 -241 -291 -249 292
f 4 -244 -293 -246 -292
f 4 293 294 -36 -138
f 4 295 296 297 -89
f 4 -34 298 -25 -111
f 4 -298 299 -38 -96
f 3 -294 -116 -29
f 3 -104 -32 -296
f 4 300 301 302 303
f 4 304 -304 305 306
f 4 307 308 309 -302
f 4 310 -307 311 -309
f 4 312 313 -301 314
f 4 315 -315 -305 316
f 4 317 318 -308 -314
f 4 319 -317 -311 -319
f 4 320 321 -313 322
f 4 323 -323 -316 324
f 4 325 326 -318 -322
f 4 327 -325 -320 -327
f 4 328 329 330 331
f 4 332 333 334 -330
f 4 335 -332 336 337
f 4 338 -338 339 -334
f 4 340 341 -329 342
f 4 343 344 -333 -342
f 4 345 -343 -336 346
f 4 347 -347 -339 -345
f 4 348 349 -341 350
f 4 351 352 -344 -350
f 4 353 -351 -346 354
f 4 355 -355 -348 -353
f 4 356 357 358 359
f 4 360 361 362 -358
f 4 363 -360 364 365
f 4 366 -366 367 -362
f 4 368 369 -357 370
f 4 371 372 -361 -370
f 4 373 -371 -364 374
f 4 375 -375 -367 -373
f 4 376 377 -369 378
f 4 379 380 -372 -378
f 4 381 -379 -374 382
f 4 383 -383 -376 -381
f 4 384 385 386 387
f 4 388 389 390 -386
f 4 391 -388 392 393
f 4 394 395 396 -390
f 4 397 -394 398 399
f 4 400 401 402 -396
f 4 403 -400 404 405
f 4 406 407 408 -402
f 4 409 -406 410 411
f 4 412 -412 413 -408
f 4 414 415 -385 416
f 4 417 418 -389 -416
f 4 419 -417 -392 420
f 4 421 422 -395 -419
f 4 423 -421 -398 424
f 4 425 426 -401 -423
f 4 427 -425 -404 428
f 4 429 430 -407 -427
f 4 431 -429 -410 432
f 4 433 -433 -413 -431
f 4 434 435 -415 436
f 3 437 -418 -436
f 4 438 -437 -420 439
f 4 440 441 -382 442
f 4 443 -440 -424 444
f 4 445 446 -426 447
f 4 448 -445 -428 449
f 4 450 451 -430 -447
f 4 452 -450 -432 453
f 4 454 -454 -434 -452
f 4 455 456 -435 457
f 4 458 -380 459 -457
f 4 460 -458 -439 461
f 4 462 463 -356 464
f 4 465 -462 -444 466
f 4 467 468 -446 469
f 4 470 -467 -449 471
f 4 472 473 -451 -469
f 4 474 -472 -453 475
f 4 476 -476 -455 -474
f 3 477 -456 478
f 4 479 480 -321 481
f 4 482 -479 -461 483
f 4 484 -465 -352 -480
f 4 485 -484 -466 486
f 4 487 488 -468 489
f 4 490 -487 -471 491
f 4 492 493 -473 -489
f 4 494 -492 -475 495
f 4 496 -496 -477 -494
f 3 497 498 499
f 4 500 -482 -324 501
f 4 502 -500 -483 503
f 4 504 505 506 507
f 4 508 -504 -486 509
f 4 510 511 -488 -506
f 4 512 -510 -491 513
f 4 514 515 -493 -512
f 4 516 -514 -495 517
f 4 518 -518 -497 -516
f 4 519 520 -498 521
f 4 522 523 524 -521
f 4 525 -522 -503 526
f 4 527 528 -505 -524
f 4 529 -527 -509 530
f 4 531 532 -511 -529
f 4 533 -531 -513 534
f 4 535 536 -515 -533
f 4 537 -535 -517 538
f 4 539 -539 -519 -537
f 4 540 541 -520 542
f 4 543 544 -523 -542
f 4 545 -543 -526 546
f 4 547 548 -528 -545
f 4 549 -547 -530 550
f 4 551 552 -532 -549
f 4 553 -551 -534 554
f 4 555 556 -536 -553
f 4 557 -555 -538 558
f 4 559 -559 -540 -557
f 4 -297 560 -541 561
f 4 -31 562 -544 -561
f 4 -300 -562 -546 563
f 4 -16 564 -548 -563
f 4 -39 -564 -550 565
f 4 -299 566 -552 -565
f 4 -12 -566 -554 567
f 4 -295 568 -556 -567
f 4 -26 -568 -558 569
f 4 -28 -570 -560 -569
f 3 -508 -501 -525
f 4 -328 570 -499 -502
f 4 -326 571 -478 -571
f 4 -354 -464 -459 572
f 4 -377 -442 -438 -460
f 3 -422 -441 -448
f 4 -443 -384 -463 -470
f 3 -490 -485 -507
f 4 -573 -572 -481 -349
f 4 -55 -88 -83 -77
f 4 -167 -84 -87 -130
f 4 -178 -66 -69 -120
f 4 -43 -70 -65 -62
f 4 -154 -75 -67 -141
f 4 -49 -68 -74 -80